7.95 8.45 12 0.000277778
3.5 -8.3 1 0.0025
10.15 12.45 11 0.00277778
-6.9 -11 2 0.0116667
2.9 -10.6 13 0.0117111
10.5 -6.4 6 0.0294889
7.1 -9.75 0 0.0300444
9 -11.4 13 0.0300889
9.45 3.25 11 0.0303667
4.7 -3.2 1 0.0325889
-5.95 12.75 11 0.0328667
-11.45 12.75 9 0.0329667
-10.5 -2 3 0.0685222
-11.9 4.8 5 0.0729667
-11.95 -11.35 12 0.0732444
2.6 7 6 0.0910222
6 2.2 4 0.0921333
2.85 2.45 12 0.0924111
-12.3 -2.1 13 0.0924556
-3.1 -9.5 13 0.0925
10.9 -1.9 1 0.0947222
3.55 12.55 9 0.0948222
-0.4 1.5 1 0.0970444
4.5 -13.3 13 0.0970889
-0.95 -11.15 12 0.0973667
-8 10.8 4 0.0984778
13.35 0.55 11 0.0987556
-1.5 -13.95 0 0.0993111
0.65 10.65 12 0.0995889
12.4 5.2 1 0.101811
-8.75 -1.95 10 0.102089
-10.55 -7.75 11 0.102367
8 -12.7 13 0.102411
-13.5 7.15 0 0.102967
-5.4 3.8 2 0.111856
-2.4 11.8 6 0.129633
7.85 -11.85 9 0.129733
-1.85 -9.05 10 0.130011
10.95 -14.25 10 0.130289
-6.4 8.7 1 0.132511
-2.25 8.25 9 0.132611
8.7 4.85 0 0.133167
10.95 -5.35 9 0.133267
-8.85 1.85 11 0.133544
-0.2 -0.1 13 0.133589
6.55 -11.35 12 0.133867
5.45 0.55 10 0.134144
-11.7 -13.2 13 0.134189
8.6 -2.5 4 0.1353
-6.25 -10.65 9 0.1354
7.45 5.15 11 0.135678
-0.5 3.6 1 0.1379
-8.1 12.5 4 0.139011
-1.25 -4.95 10 0.139289
-5.5 7 4 0.1404
10.85 5.65 11 0.140678
-11.55 7.45 10 0.140956
2.3 6 1 0.143178
-10.75 3.25 12 0.143456
9.65 -12.85 10 0.143733
-13.05 13.75 12 0.144011
-2 -12.1 4 0.145122
-9.65 -1.35 12 0.1454
3.9 8 13 0.145444
3.45 -1.75 12 0.145722
-0.3 -5.4 13 0.145767
4.45 11.15 12 0.146044
2.3 -11.7 4 0.147156
-7.55 -3.35 9 0.147256
5.2 -0.45 0 0.147811
-12.2 1.7 4 0.148922
3.3 -4.45 0 0.149478
-1.05 -9.45 9 0.149578
7.65 -4.95 10 0.149856
2.3 0.8 4 0.150967
12.95 12.15 11 0.151244
12.45 -2.95 10 0.151522
8.1 0.3 2 0.160411
6.1 9.4 4 0.161522
-10.55 12.25 12 0.1618
5.95 -13.35 11 0.162078
1.8 -6.4 13 0.162122
12.6 8.4 6 0.1799
6.1 13.5 4 0.181011
-13.7 0.6 13 0.181056
-9.65 8.15 9 0.181156
6.95 0.25 11 0.181433
-2 14.3 13 0.181478
-4.55 5.85 10 0.181756
-14.05 -13.35 9 0.181856
-8.85 -8.15 12 0.182133
13.15 4.15 12 0.182411
-8.45 -12.85 12 0.182689
-1.85 -2.25 9 0.182789
-1.55 11.85 12 0.183067
-10.85 -2.65 11 0.183344
-10.85 -11.45 11 0.183622
5.7 3.6 1 0.185844
-14.35 -12.45 10 0.186122
5.75 5.05 11 0.1864
-8 -5.15 0 0.186956
-2.05 4.45 10 0.187233
11.05 -11.95 11 0.187511
9.5 -3.5 13 0.187556
-7.65 13.65 9 0.187656
-13.35 12.15 12 0.187933
-4 -12.3 13 0.187978
-2.65 -7.55 10 0.188256
-10.6 10.8 13 0.1883
10.95 -9.65 10 0.188578
-11.85 14.15 11 0.188856
11.05 2.05 11 0.189133
-2.9 -3.7 5 0.193578
-12.05 -14.25 9 0.193678
-5.2 -5 1 0.1959
12.45 -11.25 10 0.196178
6 7.3 13 0.196222
0.85 -2.85 11 0.1965
-11.95 9.85 9 0.1966
-1.4 -4 13 0.196644
0.8 -5.6 13 0.196689
-5.05 -13.25 9 0.196789
2.9 11.6 4 0.1979
2.25 -3.15 11 0.198178
4.65 13.05 10 0.198456
1.1 8.3 13 0.1985
-4.05 -6.85 11 0.198778
-13.75 10.65 12 0.199056
-3.55 7.25 12 0.199333
-4.05 2.15 10 0.199611
3.2 8.3 13 0.199656
14.05 -8.05 10 0.199933
-6.4 -9.25 0 0.200489
5.05 -6.15 12 0.200767
-13.05 -10.65 11 0.201044
13.75 11.65 11 0.201322
5.45 -10.45 10 0.2016
13.5 -4.15 0 0.202156
-13.7 -3.5 13 0.2022
2.55 -5.95 10 0.202478
-0.25 9.05 10 0.202756
-4.45 -1.15 10 0.203033
14.35 2.15 9 0.203133
-13 -4.95 0 0.203689
10.25 1.95 10 0.203967
-2.25 -10.55 9 0.204067
12.9 2.3 5 0.208511
-5.15 -2.95 11 0.208789
-5.8 10.45 0 0.209344
-9.4 11.15 0 0.2099
-11.8 8.4 13 0.209944
2.55 -1.35 11 0.210222
3.1 -12.85 0 0.210778
3.75 0.85 11 0.211056
-0.6 5.8 4 0.212167
11.95 0.55 11 0.212444
9.15 -7.15 11 0.212722
-5.95 13.85 10 0.213
9.2 9.8 1 0.215222
-10.85 -5.45 11 0.2155
0 7.1 13 0.215544
-10.05 -12.05 12 0.215822
-13.45 9.85 10 0.2161
7.45 -13.45 11 0.216378
1.65 -4.55 9 0.216478
-0.1 7.7 13 0.216522
0.55 -13.25 11 0.2168
13.05 -1.05 10 0.217078
-3.55 -13.25 12 0.217356
-2.4 3 13 0.2174
-10.45 -13.45 9 0.2175
6.85 -12.45 12 0.217778
-12 -8.7 1 0.22
-8.2 6.2 13 0.220044
-2.65 6.85 11 0.220322
-2.85 13.15 12 0.2206
8.9 11.65 0 0.221156
-13.95 -7.65 10 0.221433
4.75 -9.55 9 0.221533
-1.9 9.2 13 0.221578
2.9 7.4 13 0.221622
-10.6 6.3 13 0.221667
-3.55 -14.25 9 0.221767
-9.95 -3.25 10 0.222044
-12.8 6.4 13 0.222089
6.35 -6.85 11 0.222367
5.35 -11.75 11 0.222644
-7.25 -7.85 10 0.222922
7.55 7.55 12 0.2232
0.85 12.45 10 0.223478
9.55 6.65 11 0.223756
12.65 8.15 10 0.224033
-12.35 -3.35 9 0.224133
-12.1 -6.85 0 0.224689
-8.55 3.85 10 0.224967
-8.15 -6.25 9 0.225067
-10.95 14.25 11 0.225344
8.55 6.55 11 0.225622
-2.65 11.75 10 0.2259
6.7 11.35 0 0.226456
-6.85 13.75 9 0.226556
-11.1 -12.4 13 0.2266
-4.3 -9.25 0 0.227156
-2.45 -5.25 12 0.227433
-9.1 7.5 13 0.227478
-12.8 12.8 13 0.227522
-5.6 5.2 13 0.227567
-7.05 2.15 11 0.227844
-7.35 -2.25 9 0.227944
10.75 -3.45 11 0.228222
-13.8 4.35 0 0.228778
-7.9 1.3 13 0.228822
8.25 2.75 10 0.2291
7.95 -7.45 9 0.2292
-9.4 13.55 0 0.229756
-6.75 12.65 11 0.230033
-6.85 7.05 12 0.230311
-11.3 -1.5 13 0.230356
11.65 13.55 9 0.230456
-0.4 -3.3 13 0.2305
6.5 -5.2 4 0.231611
12.7 -14.1 4 0.232722
5.3 -8.3 4 0.233833
-9.65 8.85 11 0.234111
1.05 13.75 10 0.234389
-2.05 -9.85 12 0.234667
4.15 2.55 12 0.234944
10.6 -6.9 13 0.234989
13.55 -6.35 11 0.235267
11.55 -3.85 11 0.235544
5.3 -13.4 13 0.235589
-13.4 -2.1 4 0.2367
3.65 4.05 12 0.236978
2.1 -0.45 0 0.237533
-2.4 -0.7 13 0.237578
9.4 -10.35 0 0.238133
-7.1 1.4 13 0.238178
-4.45 -10.15 9 0.238278
-9.5 -5.45 0 0.238833
9.2 -12 13 0.238878
11.3 12.25 0 0.239433
-0.85 -0.65 11 0.239711
1 -2 13 0.239756
11.95 9.05 10 0.240033
-4.2 -12.9 13 0.240078
-12.25 -10.45 12 0.240356
-13.35 -6.75 10 0.240633
7.95 13.65 9 0.240733
-3.45 8.75 12 0.241011
9.5 12.3 13 0.241056
-9.25 5.75 12 0.241333
-7 -14 13 0.241378
